0 0.9178652535957608 0.18851756640959727 0.031037093111279335 0.030848329048843187
1 0.892884178652536 0.2694944301628106 0.029523088569265707 0.029991431019708654
2 0.9299772899318698 0.2737789203084833 0.031037093111279335 0.028277634961439587
3 0.9087812263436791 0.31233933161953725 0.029523088569265707 0.028277634961439587
4 0.8970476911430735 0.34832904884318766 0.03179409538228615 0.028277634961439587
5 0.765329295987888 0.5265638389031705 0.02725208175624527 0.024850042844901457
6 0.5264950794852384 0.6979434447300771 0.02498107494322483 0.028277634961439587
7 0.6188493565480696 0.7574978577549272 0.02498107494322483 0.027420736932305057
8 0.5984102952308857 0.8727506426735219 0.023467070401211203 0.031705227077977724
9 0.4894019682059046 0.8933161953727506 0.02195306585919758 0.031705227077977724
10 0.44246782740348223 0.7776349614395887 0.023467070401211203 0.029991431019708654
11 0.3796366389099167 0.8547557840616966 0.02195306585919758 0.029991431019708654
12 0.39137017411052233 0.8984575835475579 0.021196063588190765 0.031705227077977724
13 0.2676003028009084 0.8333333333333334 0.023467070401211203 0.031705227077977724
14 0.18205904617713853 0.9061696658097687 0.02498107494322483 0.031705227077977724
